vec : 
0.840188  0.394383  0.783099  0.798440  0.911647  0.197551  0.335223  0.768230  0.277775  0.553970  0.477397  0.628871  0.364784  0.513401  0.952230  0.916195  0.635712  0.717297  0.141603  0.606969  0.016301  0.242887  0.137232  0.804177  0.156679  0.400944  0.129790  0.108809  0.998924  0.218257  0.512932  0.839112  0.612640  0.296032  0.637552  0.524287  0.493583  0.972775  0.292517  0.771358  0.526745  0.769914  0.400229  0.891529  0.283315  0.352458  0.807725  0.919026  0.069755  0.949327  0.525995  0.086056  0.192214  0.663227  0.890233  0.348893  0.064171  0.020023  0.457702  0.063096  0.238280  0.970634  0.902208  0.850920  
mat : 
0.551443  0.933420  0.494407  0.552568  0.939129  0.799646  0.814139  0.594497  0.657201  0.995300  0.935852  0.324541  0.874309  0.589157  0.637771  0.759324  0.775421  0.794910  0.262785  0.604379  0.470564  0.166955  0.795490  0.865085  0.873021  0.664414  0.412483  0.611981  0.596899  0.645602  0.538557  0.148342  0.579022  0.032963  0.700910  0.518151  0.832609  0.515049  0.112648  0.489810  0.510349  0.048500  0.814351  0.384658  0.637656  0.452122  0.143982  0.413078  0.247033  0.406767  0.017457  0.717597  0.573721  0.812947  0.582682  0.446743  0.477361  0.995165  0.058723  0.074260  0.640766  0.597280  0.222602  0.219788  
0.180136  0.359247  0.438990  0.853785  0.683098  0.786187  0.386299  0.140338  0.426555  0.103390  0.600405  0.967694  0.109233  0.869090  0.159324  0.802604  0.313187  0.395684  0.455690  0.532342  0.745008  0.970042  0.958753  0.088528  0.020508  0.053073  0.897883  0.899521  0.039717  0.419144  0.183801  0.219853  0.778391  0.622791  0.073638  0.461489  0.408978  0.459936  0.601827  0.835533  0.563327  0.202232  0.803227  0.672560  0.071322  0.962551  0.475164  0.384509  0.358235  0.930854  0.916851  0.103244  0.900896  0.875604  0.191772  0.921405  0.928678  0.089655  0.820926  0.968395  0.508799  0.004727  0.188248  0.287189  
0.235245  0.944697  0.940837  0.825895  0.258257  0.488450  0.772706  0.052010  0.178952  0.048826  0.845005  0.625596  0.376631  0.630351  0.302225  0.283138  0.909529  0.317924  0.892318  0.728903  0.956611  0.254432  0.109337  0.697741  0.759771  0.609356  0.165015  0.011745  0.580048  0.843894  0.226811  0.815294  0.788590  0.167648  0.641188  0.046847  0.656098  0.413894  0.098858  0.835050  0.462720  0.943863  0.460646  0.839351  0.574214  0.762871  0.122489  0.483742  0.080795  0.014807  0.212645  0.037406  0.269239  0.321982  0.735147  0.029011  0.931338  0.900163  0.040756  0.511386  0.744056  0.267567  0.326680  0.532647  
0.130165  0.018988  0.626101  0.803434  0.138667  0.750337  0.650077  0.667559  0.109285  0.744149  0.716091  0.660966  0.338929  0.442278  0.298698  0.114594  0.594888  0.983497  0.197162  0.575203  0.556260  0.332706  0.607387  0.006122  0.049933  0.423378  0.521834  0.554889  0.989059  0.341622  0.297691  0.119224  0.360610  0.923792  0.922658  0.499278  0.674129  0.572735  0.166837  0.783413  0.316884  0.882928  0.444379  0.655813  0.325206  0.743078  0.770407  0.920094  0.726575  0.967568  0.495297  0.282835  0.300275  0.102683  0.288957  0.350207  0.526061  0.810791  0.905096  0.515120  0.152413  0.202787  0.634344  0.513024  
0.290799  0.294901  0.296707  0.201067  0.095341  0.818996  0.544564  0.377888  0.894397  0.217346  0.886749  0.281401  0.749457  0.686988  0.664316  0.394842  0.482525  0.950893  0.790458  0.330230  0.215638  0.992768  0.101953  0.948206  0.030426  0.147407  0.660526  0.005910  0.271102  0.791770  0.872903  0.561902  0.086671  0.169610  0.762968  0.182012  0.988606  0.307532  0.559900  0.883004  0.524878  0.446649  0.164405  0.274335  0.133637  0.828721  0.669177  0.616163  0.779615  0.459635  0.946393  0.995253  0.452404  0.048346  0.943459  0.482830  0.195753  0.603984  0.488740  0.466855  0.395754  0.361644  0.028757  0.482426  
0.774357  0.751912  0.830184  0.745415  0.302601  0.244425  0.580364  0.642521  0.146641  0.857978  0.307032  0.751295  0.477943  0.021798  0.829754  0.011968  0.602221  0.931535  0.025309  0.590602  0.671135  0.576724  0.000824  0.670766  0.705347  0.054437  0.333857  0.240195  0.143621  0.586287  0.829717  0.917979  0.338199  0.659901  0.663394  0.640800  0.904326  0.243758  0.283321  0.050967  0.101735  0.590354  0.802262  0.579678  0.612152  0.632015  0.591647  0.214373  0.563550  0.616955  0.804975  0.234686  0.193679  0.805799  0.905452  0.899026  0.860237  0.239309  0.139221  0.003858  0.825596  0.968939  0.921837  0.163796  
0.348555  0.712244  0.214422  0.428720  0.811560  0.605827  0.497858  0.765928  0.158214  0.537606  0.461462  0.627250  0.476062  0.646295  0.182116  0.275352  0.868475  0.512008  0.341262  0.116508  0.240597  0.077029  0.643400  0.091403  0.019217  0.594273  0.564199  0.752395  0.703096  0.055770  0.319784  0.051651  0.768013  0.534206  0.480371  0.579573  0.140033  0.978229  0.345501  0.298248  0.515835  0.806963  0.925497  0.991897  0.453259  0.107613  0.267249  0.321734  0.619621  0.608510  0.438242  0.860217  0.685539  0.081642  0.951620  0.704757  0.675915  0.515819  0.457151  0.379011  0.571589  0.776935  0.430662  0.339602  
0.650716  0.368006  0.078427  0.319776  0.027833  0.554068  0.317431  0.586137  0.220022  0.895901  0.139076  0.954704  0.742564  0.427046  0.151865  0.198083  0.130715  0.029363  0.251634  0.266301  0.479015  0.308517  0.416264  0.354493  0.156662  0.971783  0.364441  0.520852  0.780187  0.466253  0.195831  0.430903  0.834260  0.274258  0.750679  0.862092  0.828327  0.068110  0.448229  0.048349  0.964012  0.587305  0.003053  0.706575  0.014350  0.154917  0.904658  0.145065  0.184280  0.156293  0.411366  0.663295  0.464810  0.827630  0.017788  0.621472  0.799414  0.382229  0.142323  0.579601  0.848482  0.338155  0.010504  0.682742  
0.148384  0.727209  0.716435  0.827658  0.432382  0.848739  0.614781  0.270707  0.031546  0.392351  0.703671  0.946748  0.088951  0.273928  0.718636  0.319846  0.653280  0.702045  0.669888  0.999033  0.361762  0.139488  0.220047  0.648727  0.698982  0.134069  0.931460  0.181056  0.792689  0.311823  0.118770  0.941074  0.039032  0.835205  0.768731  0.471414  0.683944  0.383512  0.742122  0.715490  0.775863  0.445793  0.662239  0.864814  0.719721  0.380875  0.184660  0.373001  0.082920  0.854548  0.372034  0.444682  0.994035  0.592081  0.093409  0.693017  0.726150  0.024869  0.874073  0.518839  0.336692  0.992843  0.459913  0.375724  
0.880702  0.508808  0.858682  0.232680  0.168829  0.403471  0.250052  0.994895  0.348307  0.705687  0.964840  0.814510  0.007174  0.601599  0.825095  0.969329  0.746145  0.462981  0.149874  0.558363  0.032007  0.979453  0.950373  0.811199  0.524077  0.310283  0.457959  0.500848  0.742443  0.624070  0.070161  0.623145  0.132878  0.928843  0.855825  0.301707  0.332314  0.105877  0.296602  0.680621  0.811564  0.261442  0.495131  0.818737  0.863042  0.320226  0.788066  0.609187  0.783207  0.937940  0.167550  0.815214  0.917393  0.117923  0.626413  0.441471  0.428205  0.084372  0.942319  0.170648  0.708442  0.012480  0.793793  0.841320  
0.520530  0.200799  0.299200  0.598195  0.487018  0.912402  0.233668  0.446542  0.691525  0.104792  0.144412  0.164887  0.138941  0.096767  0.418822  0.197382  0.254567  0.082636  0.577180  0.069020  0.065685  0.889300  0.678259  0.539406  0.962800  0.394466  0.112583  0.657366  0.476645  0.320179  0.769247  0.997175  0.520978  0.068447  0.595370  0.007996  0.980849  0.829038  0.454538  0.672374  0.933830  0.598950  0.837261  0.072772  0.695717  0.256083  0.270153  0.950284  0.338719  0.847334  0.019303  0.404403  0.736634  0.697562  0.943810  0.699434  0.092029  0.056392  0.356800  0.568673  0.376572  0.126047  0.565848  0.897550  
0.538219  0.854547  0.152090  0.481613  0.198500  0.094788  0.781706  0.796015  0.800425  0.662784  0.145378  0.820287  0.909000  0.583020  0.174755  0.790924  0.476075  0.395883  0.126011  0.451459  0.589408  0.438940  0.863174  0.049533  0.853813  0.164367  0.106391  0.319897  0.986461  0.493969  0.275952  0.524680  0.348515  0.428043  0.006293  0.547015  0.522830  0.788000  0.343030  0.323255  0.450784  0.488408  0.143543  0.359784  0.071428  0.318298  0.150708  0.547503  0.714181  0.276719  0.998962  0.303589  0.715658  0.862136  0.353122  0.569472  0.026502  0.459513  0.889369  0.012963  0.953481  0.165321  0.537643  0.301997  
0.842017  0.564764  0.932218  0.182904  0.530507  0.873216  0.326305  0.790344  0.044699  0.372424  0.604201  0.523955  0.276037  0.233048  0.804533  0.577497  0.300155  0.203328  0.805354  0.454599  0.203851  0.166258  0.720447  0.987959  0.812673  0.299405  0.424909  0.505431  0.220056  0.707972  0.103224  0.062073  0.272736  0.035442  0.244977  0.803242  0.908659  0.571282  0.593586  0.953358  0.943706  0.197788  0.477312  0.219743  0.430836  0.281845  0.797240  0.730991  0.485173  0.602594  0.185589  0.689024  0.768852  0.906036  0.676982  0.581526  0.205441  0.101891  0.086956  0.425497  0.809863  0.190181  0.487570  0.082598  
0.168346  0.461079  0.645371  0.047499  0.755933  0.588669  0.004291  0.183310  0.231790  0.524268  0.923332  0.928086  0.399592  0.914041  0.440934  0.711627  0.539694  0.892477  0.868503  0.304735  0.209559  0.110091  0.372224  0.805601  0.602911  0.486887  0.931130  0.618812  0.821360  0.560872  0.737760  0.989706  0.021951  0.383131  0.037205  0.777884  0.971799  0.041497  0.961194  0.203589  0.565764  0.884526  0.131675  0.965357  0.798567  0.572610  0.676984  0.338261  0.465087  0.545486  0.642996  0.674646  0.655577  0.015220  0.480247  0.258488  0.502107  0.411377  0.877300  0.323467  0.972248  0.615060  0.313174  0.994199  
0.777753  0.405217  0.062502  0.581415  0.619198  0.718886  0.994497  0.177912  0.810671  0.548580  0.279599  0.365368  0.972344  0.609284  0.507089  0.231806  0.839185  0.942896  0.842607  0.915094  0.986981  0.831531  0.651102  0.078974  0.084137  0.681626  0.917038  0.820316  0.165075  0.130839  0.096605  0.942828  0.536055  0.159106  0.524244  0.155253  0.877993  0.518740  0.333165  0.688664  0.067320  0.612764  0.054032  0.039664  0.222049  0.561121  0.271470  0.061234  0.504017  0.114078  0.976328  0.490998  0.945609  0.627430  0.569972  0.029746  0.309056  0.487009  0.850061  0.474132  0.617848  0.946666  0.416960  0.153904  
0.618643  0.480070  0.492138  0.327110  0.328912  0.828221  0.483380  0.753242  0.412291  0.798157  0.150377  0.350263  0.599167  0.456250  0.096583  0.514962  0.167660  0.481518  0.678672  0.453981  0.369478  0.504734  0.499226  0.348608  0.865080  0.498922  0.514194  0.455855  0.600848  0.350081  0.138554  0.219491  0.830150  0.630692  0.546601  0.159062  0.458913  0.029981  0.912304  0.871205  0.828139  0.062681  0.221467  0.427305  0.518931  0.318050  0.942268  0.686591  0.799568  0.620940  0.140572  0.169045  0.125673  0.639798  0.517654  0.990753  0.138720  0.031847  0.446608  0.739568  0.381928  0.585162  0.959058  0.212078  
0.591838  0.171580  0.465537  0.972454  0.381187  0.339659  0.106964  0.632968  0.201589  0.884118  0.336165  0.022118  0.535565  0.443395  0.238825  0.441622  0.553384  0.524004  0.691984  0.966605  0.103359  0.943298  0.027051  0.329315  0.465329  0.786007  0.852643  0.207015  0.614142  0.994475  0.472916  0.205979  0.166055  0.938453  0.178434  0.547242  0.278112  0.285398  0.180210  0.479701  0.169516  0.516374  0.501819  0.705081  0.959769  0.740645  0.146703  0.513153  0.264649  0.838687  0.479759  0.368008  0.781985  0.506809  0.697323  0.247313  0.292817  0.549966  0.454328  0.906958  0.544441  0.927244  0.112938  0.710495  
0.626311  0.704235  0.402290  0.360977  0.968577  0.060453  0.009402  0.010448  0.747229  0.906085  0.886905  0.751044  0.588828  0.257184  0.229457  0.410266  0.056126  0.479832  0.249610  0.200931  0.673706  0.284206  0.646598  0.158692  0.429292  0.401903  0.466372  0.566745  0.984468  0.317781  0.555712  0.610779  0.022016  0.958001  0.971756  0.990593  0.018454  0.981158  0.001041  0.765683  0.887244  0.887946  0.516727  0.476072  0.145130  0.746183  0.886338  0.201256  0.226016  0.135948  0.402187  0.899722  0.420155  0.048785  0.058414  0.849446  0.450688  0.524787  0.416191  0.435156  0.842568  0.971903  0.045935  0.864584  
0.547074  0.275137  0.065248  0.229858  0.588266  0.394859  0.980208  0.869524  0.299062  0.907877  0.590463  0.677458  0.183292  0.617647  0.825451  0.149115  0.769355  0.505057  0.865877  0.570613  0.364532  0.413715  0.356943  0.496093  0.518597  0.303503  0.263164  0.757252  0.626394  0.601716  0.773815  0.173468  0.876853  0.839062  0.403326  0.465119  0.233921  0.383533  0.334643  0.532984  0.291410  0.925107  0.210442  0.474702  0.542754  0.035893  0.623817  0.312109  0.540950  0.489694  0.882722  0.905482  0.903409  0.239665  0.401575  0.422006  0.543168  0.664739  0.179258  0.169562  0.266455  0.953072  0.343030  0.143308  
0.753930  0.783486  0.189411  0.819374  0.017513  0.253063  0.648779  0.187795  0.240905  0.679126  0.386371  0.510057  0.330510  0.137195  0.043839  0.117583  0.007054  0.925882  0.354557  0.796559  0.163807  0.507599  0.808310  0.488048  0.564810  0.194799  0.132322  0.520848  0.500600  0.671207  0.938236  0.254530  0.454693  0.127648  0.073904  0.472206  0.380711  0.722682  0.660001  0.621615  0.401808  0.046372  0.131673  0.732318  0.183567  0.175512  0.849901  0.190620  0.101394  0.204458  0.987179  0.265201  0.712057  0.795489  0.753249  0.276867  0.990288  0.885571  0.797715  0.490888  0.556777  0.735951  0.745418  0.011470  
0.876388  0.065807  0.530478  0.509767  0.403044  0.760470  0.643878  0.089088  0.594996  0.639467  0.447341  0.324726  0.160490  0.930909  0.587540  0.548214  0.198700  0.082417  0.458170  0.431766  0.842804  0.853128  0.042978  0.612745  0.824228  0.324444  0.106523  0.953873  0.209376  0.918629  0.112103  0.085764  0.984436  0.642581  0.595531  0.387480  0.403050  0.239409  0.476568  0.998046  0.878877  0.923909  0.322773  0.039366  0.854818  0.910313  0.587580  0.053518  0.992730  0.045750  0.485283  0.835534  0.898878  0.528262  0.448279  0.723106  0.852706  0.554802  0.676979  0.062082  0.473431  0.789082  0.147846  0.457867  
0.195199  0.830812  0.378180  0.427967  0.695674  0.279169  0.958509  0.651656  0.512098  0.626739  0.999162  0.552872  0.543137  0.797336  0.275303  0.480254  0.122600  0.306084  0.824921  0.471779  0.713607  0.827628  0.270712  0.832217  0.307444  0.068100  0.490565  0.172271  0.299519  0.938447  0.055892  0.494718  0.769260  0.434072  0.922685  0.464934  0.713241  0.881194  0.116589  0.225339  0.507933  0.115751  0.778211  0.051070  0.913087  0.053514  0.531324  0.035687  0.359599  0.356245  0.507466  0.073205  0.183873  0.778178  0.905422  0.491318  0.846278  0.395987  0.663589  0.145797  0.334434  0.719481  0.640516  0.103694  
0.533068  0.577370  0.970735  0.141812  0.110915  0.020990  0.645244  0.950237  0.220218  0.830757  0.230576  0.631331  0.104030  0.016176  0.306385  0.658791  0.941081  0.381919  0.129094  0.034399  0.052150  0.779610  0.096627  0.068680  0.341215  0.835016  0.377658  0.178222  0.475017  0.460632  0.004376  0.008085  0.038002  0.975110  0.149897  0.148917  0.996100  0.795141  0.099154  0.216318  0.625898  0.329730  0.847649  0.729928  0.345906  0.154034  0.388719  0.286988  0.535953  0.517814  0.321387  0.588103  0.297423  0.418014  0.656783  0.638638  0.253031  0.034442  0.816860  0.728048  0.495073  0.821236  0.736133  0.533075  
0.042106  0.598590  0.891557  0.115921  0.048632  0.869026  0.761609  0.925918  0.056243  0.756266  0.255178  0.640392  0.837156  0.604711  0.948313  0.291176  0.103857  0.763730  0.062051  0.355289  0.125053  0.284392  0.200191  0.601046  0.849826  0.858749  0.332430  0.030263  0.911711  0.215259  0.234042  0.953816  0.813849  0.125599  0.069737  0.862481  0.994624  0.831346  0.788399  0.050868  0.587612  0.043577  0.691259  0.424767  0.648288  0.639572  0.715944  0.752145  0.403303  0.777995  0.107434  0.528356  0.062387  0.307625  0.129401  0.912213  0.166374  0.461831  0.942475  0.078084  0.677090  0.176518  0.031901  0.490939  
0.790245  0.527886  0.739513  0.230021  0.176086  0.484264  0.067162  0.605370  0.469612  0.663757  0.739303  0.530452  0.654337  0.545810  0.757062  0.729665  0.585717  0.861474  0.095152  0.546266  0.436649  0.347563  0.353319  0.002628  0.222148  0.431626  0.288202  0.322183  0.459783  0.517477  0.070170  0.250028  0.045363  0.809683  0.480050  0.221449  0.293947  0.547211  0.826819  0.763560  0.210968  0.566122  0.294011  0.865305  0.111932  0.051074  0.594970  0.697649  0.912548  0.690122  0.243915  0.349197  0.037685  0.597235  0.351825  0.259833  0.028861  0.640028  0.582016  0.488644  0.157505  0.652186  0.738672  0.202867  
0.422513  0.624716  0.706186  0.566693  0.958736  0.161532  0.506295  0.874530  0.739552  0.039321  0.698179  0.192683  0.010067  0.556874  0.121245  0.757015  0.452891  0.863143  0.916658  0.699621  0.953371  0.768032  0.770086  0.619352  0.300230  0.319069  0.816354  0.452576  0.726687  0.868026  0.565495  0.149200  0.492743  0.271681  0.715892  0.451479  0.433213  0.222187  0.326009  0.172765  0.261507  0.024188  0.365447  0.271575  0.581062  0.486693  0.028590  0.033953  0.349836  0.945247  0.733575  0.303207  0.713279  0.503661  0.922559  0.013509  0.822730  0.738913  0.466086  0.549417  0.606939  0.031581  0.698617  0.099682  
0.012632  0.485671  0.424059  0.169237  0.045113  0.126861  0.333776  0.134369  0.943709  0.024592  0.114023  0.298860  0.645542  0.301354  0.003111  0.174421  0.752867  0.866632  0.992085  0.992336  0.456687  0.701575  0.332051  0.307750  0.359611  0.742350  0.991036  0.778263  0.288134  0.042617  0.320821  0.300766  0.528287  0.744880  0.470003  0.573400  0.871742  0.803779  0.707769  0.815450  0.828371  0.821792  0.114310  0.473913  0.123146  0.117422  0.648334  0.876014  0.984054  0.640419  0.868349  0.440741  0.341994  0.200400  0.748492  0.701604  0.942750  0.739527  0.479867  0.230885  0.782144  0.800689  0.531650  0.310431  
0.286642  0.220598  0.722302  0.294129  0.207569  0.767793  0.469615  0.663393  0.410222  0.598049  0.007328  0.882146  0.105256  0.315370  0.454482  0.574114  0.928781  0.440465  0.341962  0.754437  0.881548  0.946461  0.367910  0.724375  0.670771  0.501176  0.810830  0.731064  0.490957  0.145741  0.269282  0.777599  0.366339  0.991583  0.071728  0.573908  0.759377  0.541344  0.237302  0.169599  0.139392  0.244630  0.051745  0.244648  0.560000  0.506226  0.818762  0.488781  0.946692  0.160724  0.243218  0.828240  0.107185  0.611128  0.552615  0.777956  0.112304  0.363444  0.509020  0.603262  0.509186  0.778302  0.380861  0.875525  
0.951540  0.529767  0.547327  0.175782  0.655593  0.958033  0.556416  0.332255  0.286957  0.637438  0.107575  0.095662  0.951829  0.271795  0.803327  0.602970  0.721446  0.221472  0.582813  0.298949  0.695299  0.415822  0.082697  0.157284  0.192992  0.653634  0.644720  0.622672  0.110077  0.718540  0.785400  0.061617  0.248307  0.332728  0.237398  0.903900  0.290760  0.793814  0.236155  0.577718  0.431252  0.343730  0.673380  0.383081  0.615525  0.476707  0.986051  0.336970  0.698179  0.568864  0.635919  0.393478  0.984687  0.718616  0.550763  0.177679  0.372250  0.195482  0.800351  0.482327  0.914022  0.585751  0.543943  0.162329  
0.347249  0.426397  0.618252  0.476391  0.748313  0.398059  0.118007  0.072079  0.028076  0.536393  0.848182  0.533448  0.998866  0.893943  0.234911  0.887987  0.030381  0.571324  0.803867  0.150895  0.202173  0.772834  0.384947  0.613696  0.236501  0.620950  0.306487  0.524268  0.140415  0.836764  0.523656  0.487664  0.263161  0.141909  0.964055  0.011475  0.539967  0.082062  0.083554  0.568043  0.618455  0.931736  0.101491  0.617320  0.825679  0.336402  0.505307  0.856060  0.907727  0.309174  0.006954  0.109900  0.082008  0.391902  0.723596  0.318509  0.012852  0.030083  0.842777  0.153266  0.866847  0.366433  0.640931  0.130008  
0.212064  0.968683  0.021453  0.518048  0.220281  0.835059  0.579030  0.851414  0.572910  0.066984  0.989030  0.101540  0.616199  0.806215  0.209678  0.942458  0.039787  0.861404  0.789876  0.330517  0.897540  0.895247  0.622928  0.003992  0.112060  0.105758  0.612376  0.286242  0.120777  0.842086  0.613656  0.332841  0.810769  0.635109  0.850890  0.031051  0.470168  0.429920  0.882465  0.043078  0.496904  0.871495  0.144618  0.113103  0.677710  0.354297  0.055561  0.717497  0.215701  0.845437  0.048013  0.113240  0.740685  0.670941  0.117232  0.852745  0.776700  0.729608  0.138987  0.897477  0.571694  0.752643  0.230318  0.382464  
0.088661  0.719976  0.355909  0.268335  0.216837  0.362457  0.889659  0.111352  0.722319  0.834714  0.855696  0.464120  0.543454  0.198949  0.125076  0.427663  0.361393  0.494953  0.145556  0.990760  0.693680  0.988819  0.835377  0.053606  0.986960  0.099909  0.767635  0.311274  0.987771  0.464060  0.898268  0.076432  0.184036  0.254176  0.344767  0.400873  0.616634  0.234426  0.512225  0.338953  0.069140  0.367920  0.803073  0.612594  0.566870  0.928149  0.040257  0.928263  0.423102  0.185814  0.919023  0.116782  0.174633  0.754399  0.170387  0.161593  0.854308  0.938022  0.472867  0.842079  0.402083  0.371134  0.918511  0.586118  
0.665269  0.866681  0.667273  0.394671  0.637031  0.955170  0.634594  0.095523  0.528932  0.602408  0.425918  0.737412  0.484903  0.498165  0.792667  0.719129  0.364428  0.510810  0.166974  0.558796  0.005214  0.544355  0.787427  0.779042  0.631051  0.019923  0.059840  0.433824  0.947967  0.267869  0.195473  0.613236  0.134550  0.862746  0.007907  0.771581  0.817916  0.642501  0.867104  0.346848  0.244909  0.293023  0.084260  0.729812  0.791188  0.876927  0.448941  0.155616  0.387737  0.615915  0.714412  0.392951  0.160270  0.501839  0.171992  0.791321  0.521762  0.231832  0.225145  0.469730  0.499701  0.420618  0.082966  0.634251  
0.796251  0.096087  0.787787  0.409549  0.905749  0.519782  0.509363  0.204775  0.031994  0.271643  0.380804  0.432009  0.391749  0.594487  0.760080  0.001444  0.548360  0.378839  0.194208  0.175621  0.461354  0.942949  0.230541  0.833671  0.174402  0.243575  0.370480  0.653780  0.085738  0.021374  0.086633  0.881989  0.117461  0.874420  0.291538  0.023210  0.394201  0.800901  0.227985  0.426195  0.072543  0.608788  0.858204  0.464292  0.203275  0.618284  0.465736  0.751635  0.997124  0.659944  0.927256  0.458478  0.602893  0.157797  0.292148  0.777295  0.401372  0.662629  0.431075  0.487109  0.684002  0.517708  0.369098  0.801463  
0.823358  0.278309  0.682547  0.237653  0.865094  0.262236  0.794749  0.113349  0.840780  0.031289  0.786114  0.329222  0.331601  0.587918  0.911638  0.649267  0.542930  0.128086  0.403804  0.990850  0.153981  0.206827  0.333421  0.313646  0.265680  0.767943  0.283213  0.831574  0.907037  0.828515  0.441082  0.730395  0.106824  0.123629  0.968048  0.971919  0.385865  0.762796  0.085268  0.226645  0.794085  0.871382  0.555867  0.125686  0.459301  0.467505  0.774953  0.002231  0.595591  0.178757  0.993080  0.749573  0.385585  0.326501  0.063218  0.651265  0.094445  0.346431  0.482838  0.001481  0.174947  0.923921  0.731876  0.281771  
0.682801  0.893360  0.575304  0.139197  0.993488  0.640777  0.900656  0.003465  0.999922  0.399826  0.550201  0.515978  0.031777  0.112664  0.309748  0.941666  0.936853  0.666421  0.712037  0.043593  0.919564  0.728496  0.882953  0.242144  0.987583  0.087718  0.880859  0.744435  0.633928  0.646365  0.096436  0.316730  0.539725  0.671740  0.455927  0.533213  0.312517  0.356583  0.536678  0.312439  0.756409  0.086880  0.828418  0.788186  0.199544  0.138166  0.729853  0.136396  0.804587  0.441890  0.179990  0.724151  0.170386  0.062943  0.966295  0.157969  0.150661  0.847154  0.902403  0.784589  0.493519  0.998840  0.101319  0.033244  
0.920546  0.005349  0.436248  0.311141  0.545945  0.478870  0.819859  0.483781  0.592074  0.906618  0.767520  0.011126  0.578014  0.522680  0.607026  0.820551  0.481787  0.191026  0.740956  0.220348  0.150711  0.058253  0.706811  0.027676  0.857126  0.899949  0.085752  0.907805  0.815921  0.941979  0.603132  0.736467  0.947328  0.039380  0.047608  0.493273  0.518249  0.867467  0.977054  0.110323  0.774085  0.744574  0.121449  0.352100  0.267254  0.728475  0.172650  0.749041  0.919501  0.913607  0.969390  0.070212  0.971859  0.676201  0.097888  0.828986  0.576149  0.183640  0.736791  0.392071  0.125618  0.339923  0.128538  0.072946  
0.054145  0.063595  0.804500  0.376769  0.988587  0.215958  0.597976  0.478786  0.434094  0.262413  0.097077  0.245228  0.376381  0.181135  0.682386  0.040937  0.127412  0.193716  0.875421  0.636070  0.455426  0.779150  0.731776  0.537411  0.698380  0.618763  0.571698  0.693538  0.591932  0.562526  0.071988  0.646077  0.626121  0.876489  0.022847  0.614708  0.092446  0.620823  0.093495  0.526540  0.883236  0.190571  0.771768  0.259617  0.371706  0.454154  0.300553  0.499118  0.647870  0.175974  0.135188  0.103296  0.955124  0.866964  0.640707  0.653504  0.485726  0.212406  0.347041  0.077658  0.774931  0.419030  0.723735  0.401053  
0.910386  0.989797  0.299786  0.981643  0.610706  0.730167  0.700831  0.204782  0.115416  0.943174  0.244759  0.440355  0.998777  0.154430  0.890804  0.110875  0.147666  0.159642  0.819239  0.055908  0.727555  0.960641  0.299310  0.385456  0.822391  0.974445  0.774960  0.822434  0.886848  0.406586  0.588309  0.797234  0.396383  0.888095  0.778878  0.007089  0.618262  0.479708  0.211872  0.733679  0.422882  0.456631  0.174033  0.421659  0.611060  0.064837  0.532534  0.758726  0.224479  0.351773  0.814634  0.952034  0.312414  0.113944  0.337491  0.134804  0.088389  0.112451  0.957238  0.975237  0.519037  0.545547  0.772471  0.915421  
0.118948  0.235666  0.196639  0.481361  0.318645  0.400127  0.212917  0.620016  0.323480  0.334054  0.577096  0.502553  0.886243  0.032122  0.039574  0.280429  0.560923  0.651843  0.715705  0.457877  0.963030  0.813993  0.066317  0.319109  0.963432  0.303205  0.796319  0.128408  0.310247  0.888388  0.406096  0.429195  0.124053  0.602735  0.910556  0.442698  0.002862  0.123473  0.062714  0.326342  0.457527  0.639809  0.828895  0.343770  0.671931  0.868469  0.624199  0.232854  0.520312  0.339904  0.690731  0.483342  0.153896  0.757048  0.802451  0.117328  0.060253  0.598770  0.245736  0.370500  0.487157  0.651831  0.799695  0.611211  
0.300477  0.674137  0.369342  0.576245  0.586225  0.630394  0.942891  0.158901  0.309674  0.212459  0.758679  0.478057  0.888692  0.468495  0.476346  0.076528  0.633829  0.155830  0.694934  0.074241  0.578498  0.845350  0.670067  0.878028  0.413854  0.239354  0.806635  0.950431  0.509399  0.854298  0.177145  0.809877  0.528435  0.546487  0.386122  0.114661  0.176881  0.329013  0.273561  0.486556  0.541472  0.032240  0.964613  0.430164  0.500735  0.440959  0.506692  0.134564  0.596788  0.201626  0.208805  0.175286  0.046977  0.878873  0.053314  0.460830  0.118227  0.859948  0.411261  0.627626  0.714246  0.588407  0.437502  0.242681  
0.194500  0.467144  0.926614  0.429403  0.176850  0.809434  0.942305  0.417673  0.976993  0.544077  0.372500  0.970223  0.045803  0.576543  0.751450  0.241345  0.161135  0.762271  0.279156  0.653573  0.416073  0.220422  0.056708  0.311558  0.961137  0.932321  0.473573  0.108928  0.832166  0.907308  0.994126  0.026666  0.374452  0.920740  0.456069  0.551302  0.730174  0.398373  0.968975  0.707168  0.942450  0.341475  0.677391  0.988253  0.918018  0.428840  0.229598  0.079153  0.191111  0.508754  0.732726  0.607184  0.729176  0.789433  0.918742  0.690314  0.721754  0.392314  0.799241  0.553920  0.299623  0.793367  0.580586  0.674074  
0.734153  0.446666  0.586298  0.710713  0.441099  0.189705  0.295481  0.107381  0.135347  0.247199  0.630116  0.288303  0.276063  0.630083  0.752412  0.483591  0.604898  0.401103  0.415482  0.638038  0.470046  0.574098  0.385269  0.167375  0.185699  0.526759  0.974591  0.346586  0.949560  0.272163  0.352171  0.683713  0.718829  0.938469  0.394426  0.159928  0.128174  0.689906  0.267309  0.263520  0.937105  0.897425  0.551823  0.213169  0.527508  0.304234  0.696760  0.132407  0.705337  0.112242  0.770444  0.175383  0.686340  0.155713  0.342758  0.872039  0.682472  0.317349  0.218625  0.632032  0.589512  0.570796  0.315744  0.308340  
0.714926  0.154601  0.680202  0.701022  0.992373  0.095993  0.755503  0.674589  0.788122  0.334971  0.338880  0.997454  0.141048  0.679758  0.493083  0.836541  0.174596  0.486316  0.215137  0.497039  0.975111  0.071490  0.122157  0.682391  0.958967  0.357897  0.012775  0.953862  0.378024  0.936281  0.994192  0.092950  0.090883  0.674394  0.793973  0.083256  0.770387  0.549475  0.757845  0.558510  0.884447  0.096725  0.555963  0.025495  0.776482  0.049047  0.862036  0.951078  0.535363  0.077172  0.448117  0.510474  0.148663  0.570273  0.192865  0.107629  0.928171  0.205639  0.061491  0.306194  0.141920  0.055683  0.399145  0.232803  
0.776285  0.895670  0.811980  0.890301  0.353743  0.262489  0.786349  0.306818  0.103518  0.221914  0.534601  0.284885  0.124894  0.770784  0.204621  0.985445  0.042703  0.805413  0.432766  0.036108  0.247954  0.268595  0.477998  0.987659  0.108549  0.597171  0.485465  0.664182  0.404370  0.729092  0.767654  0.180655  0.624761  0.579634  0.070956  0.978505  0.842123  0.857305  0.285322  0.945641  0.079219  0.819923  0.230526  0.204113  0.590708  0.435148  0.189557  0.633411  0.240561  0.622324  0.669519  0.488515  0.890919  0.147517  0.476174  0.999467  0.744689  0.961640  0.663649  0.149059  0.690732  0.431303  0.329714  0.315493  
0.713110  0.513799  0.846998  0.874816  0.457060  0.293418  0.398433  0.898622  0.816516  0.957672  0.167927  0.591828  0.920900  0.252860  0.237259  0.185172  0.180106  0.358443  0.926428  0.610956  0.472525  0.439280  0.819877  0.810279  0.777344  0.986977  0.368547  0.860628  0.925819  0.394845  0.855916  0.638929  0.908644  0.702914  0.513744  0.365703  0.996332  0.912177  0.264325  0.812848  0.869849  0.432252  0.404676  0.790750  0.685112  0.641935  0.975922  0.865219  0.000378  0.902349  0.476175  0.472903  0.341629  0.296052  0.283182  0.118974  0.283029  0.651730  0.979602  0.208847  0.046574  0.835518  0.847776  0.955218  
0.477973  0.788257  0.431331  0.182839  0.577843  0.953447  0.643539  0.912309  0.236408  0.356554  0.017513  0.133441  0.862454  0.238059  0.260241  0.185517  0.657604  0.850181  0.741325  0.072353  0.146119  0.470941  0.765465  0.863501  0.773572  0.069128  0.665803  0.065123  0.752101  0.196519  0.623119  0.230074  0.984776  0.054450  0.412912  0.562619  0.007897  0.056452  0.474928  0.244305  0.413005  0.492441  0.377746  0.275460  0.730500  0.637987  0.460976  0.388104  0.488168  0.202301  0.460458  0.634286  0.673242  0.225922  0.497787  0.446814  0.295050  0.163591  0.511937  0.047151  0.360110  0.135056  0.277225  0.344886  
0.412953  0.970208  0.052730  0.415368  0.503502  0.676640  0.003423  0.979140  0.002575  0.008680  0.650029  0.002854  0.148236  0.990104  0.368677  0.948385  0.482421  0.969993  0.836449  0.809129  0.655641  0.614752  0.925266  0.515467  0.235588  0.384928  0.267234  0.229746  0.899665  0.520900  0.548761  0.312618  0.491108  0.601491  0.727987  0.994610  0.278131  0.731410  0.973750  0.280706  0.740090  0.623779  0.283560  0.888326  0.613883  0.652237  0.836710  0.096305  0.622230  0.673159  0.905434  0.277871  0.287911  0.830699  0.793339  0.523499  0.215628  0.060573  0.753245  0.115293  0.581473  0.302005  0.427911  0.072581  
0.249000  0.639831  0.771218  0.951901  0.249719  0.348477  0.298441  0.045489  0.009272  0.956285  0.591896  0.667995  0.599683  0.946013  0.595318  0.190200  0.384350  0.787297  0.804313  0.434734  0.880173  0.444761  0.218162  0.235712  0.825158  0.488165  0.404805  0.417778  0.254781  0.268948  0.481158  0.503780  0.908779  0.252377  0.455682  0.158498  0.600854  0.754123  0.203987  0.610126  0.710407  0.795883  0.278121  0.310090  0.741896  0.873439  0.500290  0.126246  0.660736  0.304603  0.560981  0.540909  0.749364  0.779143  0.776620  0.574522  0.267308  0.181425  0.992300  0.522088  0.450373  0.473458  0.025869  0.359152  
0.221934  0.876767  0.301792  0.281678  0.167800  0.356536  0.724275  0.213078  0.724969  0.244493  0.140496  0.938169  0.415938  0.714163  0.685509  0.361576  0.093733  0.328399  0.855217  0.331717  0.752781  0.422758  0.961103  0.081447  0.431029  0.676200  0.035190  0.608925  0.353909  0.001935  0.197966  0.575843  0.878701  0.499758  0.857521  0.046501  0.856294  0.581796  0.259579  0.581263  0.826290  0.400075  0.519432  0.242227  0.114238  0.204941  0.603804  0.207971  0.533340  0.459021  0.539688  0.286121  0.881779  0.500791  0.367568  0.312807  0.176991  0.402759  0.921733  0.530900  0.404693  0.119699  0.106744  0.283394  
0.346234  0.166199  0.843224  0.965891  0.477638  0.987219  0.445635  0.342440  0.504193  0.855065  0.386256  0.663650  0.973819  0.787864  0.002886  0.830977  0.085955  0.165765  0.000618  0.102810  0.764063  0.834627  0.807065  0.971389  0.959930  0.163801  0.028890  0.948915  0.035083  0.886589  0.242189  0.381316  0.052787  0.085413  0.347207  0.530426  0.072632  0.792842  0.872865  0.576825  0.647908  0.259121  0.240476  0.621726  0.046985  0.243361  0.452703  0.132940  0.409127  0.453322  0.235750  0.173189  0.287948  0.042815  0.144579  0.247879  0.206615  0.173469  0.196793  0.241698  0.060057  0.438982  0.623014  0.112844  
0.161658  0.284682  0.131256  0.094251  0.245777  0.543553  0.131926  0.402888  0.785510  0.846732  0.504850  0.682154  0.677861  0.480918  0.930166  0.729448  0.741590  0.654925  0.197908  0.480469  0.053218  0.284419  0.294619  0.977468  0.176744  0.299541  0.531404  0.476300  0.288511  0.933831  0.592630  0.450169  0.218513  0.723886  0.544421  0.464290  0.267439  0.676346  0.867179  0.052949  0.523078  0.372029  0.735103  0.200939  0.852946  0.665269  0.930388  0.594536  0.320194  0.128295  0.075006  0.373411  0.412715  0.369625  0.350879  0.589459  0.669165  0.882283  0.065759  0.957677  0.816114  0.658389  0.407846  0.034627  
0.417444  0.649637  0.118080  0.625417  0.618504  0.589514  0.776789  0.340516  0.496669  0.221735  0.284841  0.953774  0.450691  0.502837  0.498185  0.126806  0.328726  0.605733  0.852118  0.188649  0.766516  0.466777  0.843556  0.781673  0.123725  0.630627  0.922641  0.285773  0.529747  0.000026  0.635213  0.947192  0.649663  0.753294  0.572609  0.268167  0.342808  0.349398  0.608683  0.839477  0.571132  0.893524  0.793251  0.021823  0.396361  0.291436  0.148629  0.725087  0.897169  0.000748  0.913737  0.663685  0.467525  0.757292  0.445358  0.591249  0.387919  0.367999  0.877022  0.917667  0.368025  0.512236  0.864858  0.017689  
0.818656  0.151238  0.754760  0.971965  0.356450  0.823407  0.315614  0.554096  0.949188  0.154792  0.672938  0.989468  0.125314  0.015403  0.401321  0.244384  0.842115  0.526896  0.214810  0.356705  0.561519  0.023472  0.570522  0.082725  0.626108  0.406001  0.588947  0.496261  0.369843  0.622852  0.819346  0.188499  0.774090  0.574106  0.160464  0.130541  0.397513  0.476078  0.684637  0.346702  0.630870  0.357575  0.336170  0.756184  0.372978  0.737491  0.000568  0.215093  0.264388  0.215378  0.571798  0.825907  0.238849  0.142321  0.908632  0.864957  0.548322  0.497578  0.361218  0.918165  0.120430  0.180564  0.106664  0.894521  
0.651042  0.450571  0.594426  0.649156  0.881771  0.483432  0.294247  0.116768  0.216288  0.264965  0.597038  0.943801  0.289507  0.666044  0.474263  0.368570  0.624999  0.021578  0.917014  0.078414  0.692428  0.312120  0.729209  0.393246  0.920976  0.969064  0.063615  0.628002  0.240175  0.810511  0.905040  0.891217  0.261082  0.499467  0.540373  0.142853  0.982899  0.834620  0.259620  0.199187  0.099585  0.856659  0.142988  0.389091  0.522702  0.617251  0.757661  0.147701  0.638828  0.674676  0.226115  0.331256  0.986796  0.955324  0.724502  0.907772  0.924388  0.788117  0.535773  0.164563  0.598627  0.440814  0.055780  0.859709  
0.293697  0.263722  0.199800  0.413573  0.136503  0.706950  0.687404  0.873903  0.815342  0.895787  0.957484  0.137084  0.023162  0.597893  0.504823  0.494543  0.879553  0.853121  0.647408  0.655396  0.512215  0.887780  0.421265  0.174955  0.748371  0.166225  0.563420  0.236659  0.863758  0.933074  0.203465  0.157455  0.196796  0.403265  0.571028  0.333299  0.110216  0.258432  0.207202  0.925558  0.154219  0.164686  0.062642  0.177380  0.762579  0.567466  0.671924  0.642132  0.420587  0.319331  0.297529  0.932802  0.207111  0.718794  0.107757  0.955483  0.885019  0.671177  0.192141  0.748777  0.604251  0.395607  0.906232  0.801047  
0.270662  0.223680  0.907326  0.374330  0.773040  0.277738  0.199440  0.912116  0.920587  0.863198  0.268275  0.734378  0.259915  0.490560  0.859886  0.473531  0.572274  0.058922  0.915815  0.774291  0.420457  0.291483  0.727643  0.918637  0.888392  0.490460  0.857730  0.805923  0.934168  0.953180  0.959514  0.204831  0.176861  0.866840  0.579160  0.949901  0.144578  0.778601  0.862017  0.065165  0.641799  0.130292  0.799543  0.901714  0.620852  0.659429  0.375245  0.193126  0.718351  0.291060  0.967417  0.138808  0.582543  0.695060  0.057444  0.470935  0.185520  0.915174  0.276858  0.119688  0.868354  0.236372  0.324519  0.045215  
0.734415  0.611642  0.207766  0.964755  0.223098  0.900469  0.760711  0.089906  0.632571  0.372232  0.550058  0.893290  0.262595  0.280947  0.799234  0.345024  0.541594  0.000291  0.201463  0.714072  0.102870  0.311431  0.119364  0.039547  0.607430  0.663547  0.000404  0.295284  0.230202  0.457377  0.165990  0.964617  0.069019  0.373755  0.929372  0.292118  0.274224  0.690083  0.382023  0.906795  0.062315  0.932081  0.800085  0.324910  0.213029  0.599319  0.669934  0.754623  0.599610  0.871396  0.468695  0.702480  0.182827  0.588059  0.742027  0.790257  0.251606  0.742431  0.085540  0.481807  0.199808  0.251530  0.446425  0.268827  
0.976558  0.728388  0.029497  0.971239  0.936693  0.950104  0.368624  0.577055  0.434768  0.796293  0.938341  0.901361  0.534112  0.884063  0.488150  0.538780  0.701026  0.733690  0.282119  0.569939  0.511490  0.674104  0.317765  0.802921  0.572066  0.528579  0.267786  0.655378  0.320883  0.940118  0.615225  0.297441  0.668505  0.644722  0.268680  0.605199  0.594827  0.637304  0.182253  0.029595  0.433596  0.120595  0.930956  0.967708  0.004658  0.419105  0.506489  0.705684  0.152795  0.788608  0.275623  0.664286  0.462712  0.593388  0.467207  0.034777  0.121966  0.734993  0.690155  0.442849  0.675111  0.305380  0.740290  0.343616  
0.077235  0.608410  0.561690  0.635884  0.809504  0.539317  0.267544  0.525840  0.032974  0.911923  0.111488  0.044465  0.180467  0.652560  0.801348  0.165796  0.612060  0.437386  0.736662  0.581992  0.042004  0.929869  0.131955  0.699494  0.585614  0.938251  0.204806  0.979949  0.046976  0.788362  0.902128  0.124211  0.396773  0.463818  0.760095  0.206277  0.003135  0.027639  0.732117  0.036109  0.939562  0.843605  0.080574  0.120028  0.496165  0.881922  0.285824  0.108225  0.319308  0.022487  0.690216  0.361311  0.952356  0.822171  0.060805  0.537970  0.760423  0.265611  0.517919  0.807399  0.053974  0.420047  0.931610  0.450746  
0.700860  0.520089  0.326618  0.094801  0.174144  0.151405  0.563186  0.650347  0.532789  0.594500  0.587229  0.642173  0.822183  0.206350  0.014122  0.934036  0.157022  0.757261  0.984563  0.102188  0.733317  0.276891  0.309734  0.996000  0.114752  0.336735  0.022401  0.200115  0.423207  0.079418  0.571800  0.124067  0.599507  0.898417  0.218868  0.773651  0.049822  0.782054  0.423997  0.582611  0.376554  0.011226  0.224785  0.198737  0.217577  0.238907  0.132773  0.374598  0.996168  0.117335  0.476786  0.729485  0.394226  0.786520  0.725485  0.508977  0.123254  0.747886  0.709092  0.546461  0.827305  0.280892  0.670529  0.426812  
0.528988  0.284828  0.700335  0.607520  0.230630  0.910370  0.694473  0.162258  0.382741  0.154553  0.508001  0.715855  0.772326  0.492815  0.354871  0.188347  0.510758  0.887343  0.321681  0.842995  0.234183  0.379868  0.442196  0.786304  0.058671  0.840243  0.175449  0.625051  0.513591  0.589003  0.119416  0.042579  0.873831  0.819751  0.650100  0.104461  0.730121  0.344572  0.266720  0.112862  0.499125  0.774720  0.828717  0.271451  0.267535  0.183588  0.459798  0.778293  0.070931  0.781479  0.621287  0.305114  0.161347  0.063483  0.091418  0.220019  0.903726  0.266867  0.845069  0.417318  0.855869  0.964485  0.459897  0.729701  
0.230323  0.780301  0.295356  0.464330  0.955663  0.051386  0.559308  0.511457  0.937739  0.416410  0.466917  0.981657  0.111646  0.322960  0.702069  0.021977  0.798805  0.965799  0.348258  0.306858  0.526290  0.017995  0.573521  0.522676  0.889485  0.952517  0.236727  0.370356  0.891553  0.073019  0.821785  0.121876  0.853320  0.117141  0.586207  0.808983  0.168528  0.145515  0.320440  0.106267  0.561925  0.787358  0.087924  0.673571  0.110318  0.789994  0.695548  0.909122  0.755792  0.043806  0.215980  0.282083  0.061800  0.789501  0.804758  0.951285  0.7